service_id,monday,tuesday,wednesday,thursday,friday,saturday,sunday,start_date,end_date
336a770c-f9ba-454d-a263-28fd85d44cba,1,1,1,1,1,1,1,20151113,20161231
f37705ca-84ab-4216-90d3-17a96ac2d624,1,1,1,1,1,1,1,20151113,20161231
fa94e9bb-45a1-4362-a4d0-cc6b1279ff25,1,1,1,1,1,1,1,20151113,20161231
11cd9e67-e62a-47d6-a54f-261210cc0515,1,1,1,1,1,1,1,20151113,20161231
adda916f-f6eb-415b-ac5a-5b88b89fa501,1,1,1,1,1,1,1,20151113,20161231
37bd49ef-e8c3-4618-8c13-847a98b6708a,1,1,1,1,1,1,1,20151113,20161231
ef7fd3bb-a0df-4847-86b9-a407083c3e75,1,1,1,1,1,1,1,20151113,20161231
c7a85ebc-337b-433f-aa1e-172c05d423e3,1,1,1,1,1,1,1,20151113,20161231
0407561b-f573-4bf7-951f-91215ffc29f7,1,1,1,1,1,0,0,20151113,20161231
364fb320-f670-4cbb-92cb-add0f78ec82e,1,1,1,1,1,1,1,20151113,20161231
271666ca-941e-49c2-9f20-4d051b65c5e9,1,1,1,1,1,1,1,20151113,20161231
a6a5d8d4-8219-4083-a2ba-6b7065b522f2,1,1,1,1,1,1,1,20151113,20161231
bc39da33-e857-4995-a3e0-4d612d99b57e,1,1,1,1,1,1,1,20151113,20161231
3d85bd95-07ab-4aff-b921-a1a93a340206,1,1,1,1,1,1,1,20151113,20161231
3a8407ac-9e8d-4a54-a0b8-4c78da5438a3,1,1,1,1,1,1,1,20151113,20161231
d495bcd4-e2d0-48b0-ae99-93bc4e16ebc2,1,1,1,1,1,1,1,20151113,20161231
e7a0980c-2228-4efd-a4d7-ca41b7602fb2,1,1,1,1,1,1,1,20151113,20161231
080a69e9-b9f7-498d-af76-d6db7133d0bb,1,1,1,1,1,1,1,20151113,20161231
505487a6-2fdf-4da5-85c8-ce7c05870fd9,1,1,1,1,1,1,1,20151113,20161231
c4cb274e-2eb5-4ce0-984a-02c9903d3ddb,1,1,1,1,1,1,1,20151113,20161231
80db8a36-d6dd-4364-a28a-5ea6c0b2acf6,1,1,1,1,1,1,1,20151113,20161231
116e9c72-3aa2-442a-89f8-039a71b66862,1,1,1,1,1,1,1,20151113,20161231
7009dd2f-c848-4ff8-8386-7c8832f8b3df,1,1,1,1,1,1,1,20151113,20161231
cc3fcdad-646f-46bf-bd06-515dfa5fb43d,1,1,1,1,1,1,1,20151113,20161231
ba9be906-dc43-439e-8bc0-4d0fe5ad349e,1,1,1,1,1,1,1,20151113,20161231
ba86df6f-953f-4022-a920-e0aa2572db52,1,1,1,1,1,1,1,20151113,20161231
be250146-fd71-4bb0-aa8b-da3499707785,1,1,1,1,1,1,1,20151113,20161231
7d76e00a-0be4-4445-b2ec-10552f0f7c61,1,1,1,1,1,1,1,20151113,20161231
6d88e3d1-dd09-4533-91a5-08aae38489bd,1,1,1,1,1,1,1,20151113,20161231
9a13c23c-c093-4542-b796-c0f03446ad70,1,1,1,1,1,1,1,20151113,20161231
97f6c046-4cc1-4aec-9b89-509c02870387,1,1,1,1,1,1,1,20151113,20161231
e0d4d9df-c63c-4108-83fc-715748a78295,1,1,1,1,1,1,1,20151113,20161231
4c53e995-8644-4cbe-b771-01539b8c4b7d,1,1,1,1,1,1,1,20151113,20161231
10abd034-2667-4874-90c3-0b330b559ddf,1,1,1,1,1,1,1,20151113,20161231
8572e75d-d36f-47e9-b492-fcdafb01f1db,1,1,1,1,1,1,1,20151113,20161231
1430b475-94dd-4e58-90a2-244376031c1e,1,1,1,1,1,1,1,20151113,20161231
6af57ff8-5294-43d1-b0b5-114de9783fb2,1,1,1,1,1,1,1,20151113,20161231
a72dcabd-f558-4ae2-9cd7-bec3bcdfe77a,1,1,1,1,1,1,1,20151113,20161231
7d549cc0-720f-467d-a59d-f5690705bd3d,1,1,1,1,1,1,1,20151113,20161231
b99b1108-1be1-4fe2-ad8b-aeb7e7573015,1,1,1,1,1,1,1,20151113,20161231
f836f9b2-a9c2-47e5-9f3e-3197cf10f308,1,1,1,1,1,1,1,20151113,20161231
be6c8e8c-9835-42ac-975c-f2d556d77a9f,1,1,1,1,1,1,1,20151113,20161231
73013dad-fb9b-446a-bbfd-1e1a542d28e2,1,1,1,1,1,1,1,20151113,20161231
aa38220f-c97a-493b-98c2-f1e449c044d4,1,1,1,1,1,1,1,20151113,20161231
7338b272-aca1-4a86-9cc1-29a22755abc4,1,1,1,1,1,1,1,20151113,20161231
8ba8e34a-cc72-447b-b4e4-81c528dbd0d7,1,1,1,1,1,1,1,20151113,20161231
eb432f64-b02f-43fd-8f99-031ee66c7a65,1,1,1,1,1,1,1,20151113,20161231
4d50b018-a94b-474a-8bde-636f816c795b,1,1,1,1,1,1,1,20151113,20161231
65087656-e52f-40ec-a7e1-a19dcc6f2e0d,1,1,1,1,1,1,1,20151113,20161231
33218e5c-75e0-492f-b70c-f46f37157b82,1,1,1,1,1,1,1,20151113,20161231
22a67e3b-7a15-499d-89b3-380676849f1c,1,1,1,1,1,1,1,20151113,20161231
0c48c0e4-5437-4bc3-add7-6ddc9534aeb5,1,1,1,1,1,1,1,20151113,20161231
01bd62bf-86be-493a-ae8d-4c7821898820,1,1,1,1,1,1,1,20151113,20161231
f995e4c1-55d1-40a6-9f7d-40a570f04623,1,1,1,1,1,1,1,20151113,20161231
f12acd1e-4db2-4eb0-b704-f4900d0d8911,1,1,1,1,1,1,1,20151113,20161231
895de7e1-facc-43c9-aca2-15c6d26665f9,1,1,1,1,1,1,1,20151113,20161231
2781c148-9c68-43d2-9785-6462e3f47ffb,1,1,1,1,1,1,1,20151113,20161231
10a0a5a8-932e-4408-a794-2df8540550a2,1,1,1,1,1,1,1,20151113,20161231
61e3a7ed-4137-4014-8fbe-89b468d0f07e,1,1,1,1,1,1,1,20151113,20161231
9ed1cf69-cb89-420f-8e9d-f495c0e35996,1,1,1,1,1,1,1,20151113,20161231
e9f7c5cc-7daf-4b20-81d9-0003e5e55596,1,1,1,1,1,1,1,20151113,20161231
aeaa085e-afde-4226-8724-ddcf86d86270,1,1,1,1,1,1,1,20151113,20161231
d5dc2d4d-6c80-4e16-bdcf-94329299e61b,1,1,1,1,1,1,1,20151113,20161231
4c0d14ce-6ee8-4d24-a96f-c2f3aa60d800,1,1,1,1,1,1,1,20151113,20161231
01461782-8a8a-4b26-99af-3de7f275894c,1,1,1,1,1,1,1,20151113,20161231
79670d96-91d1-4f33-b186-79ecdd1ed72c,1,1,1,1,1,1,1,20151113,20161231
27422252-0c05-4b59-88bc-eae7a0d21781,1,1,1,1,1,1,1,20151113,20161231
4b5c6a80-3cbc-4b9a-a4c7-c424f3f68a7d,1,1,1,1,1,1,1,20151113,20161231
a8cadb7f-21e5-47f7-aba0-8686264ef162,1,1,1,1,1,1,1,20151113,20161231
481ac906-aa3c-4535-b83d-9b2bf4162d27,1,1,1,1,1,1,1,20151113,20161231
caaa1e28-3d46-4597-b357-2b2d7304f8eb,1,1,1,1,1,1,1,20151113,20161231
3dc81260-9d0f-403a-8ed1-8456a2b290de,1,1,1,1,1,1,1,20151113,20161231
3cb5a2c5-5835-40d8-98ab-9a70e48d306f,1,1,1,1,1,1,1,20151113,20161231
cecd5c08-9100-48eb-a30e-13197625a98a,1,1,1,1,1,1,1,20151113,20161231
013fa16c-a0ff-496b-8ae9-276e419f0b8c,1,1,1,1,1,1,1,20151113,20161231
fcafd8df-751c-472f-b712-cd8460db9011,1,1,1,1,1,1,1,20151113,20161231
d3a5f3ad-29bf-4fb6-a42a-dc6c0f8338fd,1,1,1,1,1,1,1,20151113,20161231
4fe85984-9a1a-4c1b-9772-21fed57eb7fb,1,1,1,1,1,1,1,20151113,20161231
db237c5f-4738-4771-a1e7-a83aa9146d27,1,1,1,1,1,1,1,20151113,20161231
fcf33656-0d79-40d3-a100-d0ecfeeed64e,1,1,1,1,1,1,1,20151113,20161231
7fde25ca-5237-40ce-ac25-6f63eaf46713,1,1,1,1,1,1,1,20151113,20161231
df295c63-e4f5-4a6d-95e9-d2255201a904,1,1,1,1,1,1,1,20151113,20161231
82f1bcc0-51cc-4f8e-833c-17b764d7759e,1,1,1,1,1,1,1,20151113,20161231
cf435aad-7663-4990-b381-f8e002d7c193,1,1,1,1,1,1,1,20151113,20161231
755daea2-ca79-430b-97b1-cc4d3f66cb5a,1,1,1,1,1,1,1,20151113,20161231
6c50fb4b-0b45-45c1-be83-387f7a4e4cdb,1,1,1,1,1,1,1,20151113,20161231
4bc258e3-52b2-41d7-9402-ee9eed6910f0,1,1,1,1,1,1,1,20151113,20161231
205dae1d-d1b0-49bd-8744-ccd864137f5e,1,1,1,1,1,1,1,20151113,20161231
48c6ac6e-1eb7-4717-833d-34b633b06a0b,1,1,1,1,1,1,1,20151113,20161231
820e2b85-b59d-4ad1-9630-6390e221ea33,1,1,1,1,1,1,1,20151113,20161231
4ba263fe-895f-41d9-8fa0-cf78f19d3093,1,1,1,1,1,1,1,20151113,20161231
e94f083e-d6b0-454d-ad63-bf7bd505d4d4,1,1,1,1,1,1,1,20151113,20161231
67b2c1d4-a6a8-43c2-9566-194e4eff0b7b,1,1,1,1,1,1,1,20151113,20161231
26ef1661-e283-42e1-be97-1f16642a93b2,1,1,1,1,1,1,1,20151113,20161231
dddb86a8-86db-423c-93f2-c5512b6ae389,1,1,1,1,1,1,1,20151113,20161231
efc30a30-f1c2-497d-a4f3-28a06296f66b,1,1,1,1,1,1,1,20151113,20161231
d985fd4e-6116-4bf2-b146-3b37de6a5ad7,1,1,1,1,1,1,1,20151113,20161231
2daf8411-d894-4e4b-a7b1-4bbf70fa586e,1,1,1,1,1,1,1,20151113,20161231
19b16248-fb93-4162-8459-a2b50de92689,1,1,1,1,1,1,1,20151113,20161231
94439ce0-96b2-4785-9acb-63775e2e1614,1,1,1,1,1,1,1,20151113,20161231
d48b5061-692d-4d3b-8841-b53a7ec16bdb,1,1,1,1,1,1,1,20151113,20161231
863ef977-d71b-48d7-805d-b38534725598,1,1,1,1,1,1,1,20151113,20161231
7a0ae899-6405-4a26-9b31-462cf7318cf1,1,1,1,1,1,1,1,20151113,20161231
d5b01ba1-e1d5-4917-9646-7a3cdc5979f5,1,1,1,1,1,1,1,20151113,20161231
06450f8b-761d-4ea7-8e02-71c7cfd03151,1,1,1,1,1,1,1,20151113,20161231
6f19d335-80da-4033-a9f4-8a583518af2a,1,1,1,1,1,1,1,20151113,20161231
df295865-45c9-4999-9733-da8e5676530f,1,1,1,1,1,1,1,20151113,20161231
cf9e2bd3-a7af-43e7-afb3-34d070822e22,1,1,1,1,1,1,1,20151113,20161231
063af646-b20c-4b6a-8183-5220be77bb98,1,1,1,1,1,1,1,20151113,20161231
1efc2d5b-ff43-49fc-bddd-9e52cb5fbe0d,1,1,1,1,1,1,1,20151113,20161231
28ff051d-139f-47a0-9ba5-ab826ffc369b,1,1,1,1,1,1,1,20151113,20161231
5ed974d3-9505-44fa-8aa7-66e205656589,1,1,1,1,1,1,1,20151113,20161231
85c749df-8120-49c7-995b-b264d8c4c0a6,1,1,1,1,1,1,1,20151113,20161231
972b0b52-5558-470c-8f85-9fc9da697445,1,1,1,1,1,1,1,20151113,20161231
8f7aabd4-80c9-46ff-9ca9-c99ed3cfa154,1,1,1,1,1,1,1,20151113,20161231
fb77914c-82f6-4a20-b771-dd7167659cdb,1,1,1,1,1,1,1,20151113,20161231
a0b1396d-0220-4f15-98c5-d45f8e385028,1,1,1,1,1,1,1,20151113,20161231
153af604-f9af-4812-a7af-f8b433ae2291,1,1,1,1,1,1,1,20151113,20161231
56801dcd-3a2a-473b-84c3-c921fa663839,1,1,1,1,1,1,1,20151113,20161231
9c5a0590-2ff9-424a-8d13-224ce8964c3f,1,1,1,1,1,1,1,20151113,20161231
68320f9a-e393-4a43-873a-9a0931e6c5da,1,1,1,1,1,1,1,20151113,20161231
e0e75ed9-ee95-4df9-8fa8-08a0c346b349,1,1,1,1,1,1,1,20151113,20161231
97149509-ecf7-4799-9ed7-0e4863dfced4,1,1,1,1,1,1,1,20151113,20161231
b57385bd-1d54-4249-afef-28658a171e35,1,1,1,1,1,1,1,20151113,20161231
d684b894-c043-47e6-8670-d703d2df0a0c,1,1,1,1,1,1,1,20151113,20161231
fd02e850-48c6-45d9-940f-cfa79ff2cd13,1,1,1,1,1,1,1,20151113,20161231
b6d3ca41-e02e-4dc8-9dca-d28eb9346dba,1,1,1,1,1,1,1,20151113,20161231
022cc4cb-f804-4487-bcde-4cee8f0cee59,1,1,1,1,1,1,1,20151113,20161231
34b9d36e-05c2-49ec-b816-fa7f91d0c9f1,1,1,1,1,1,1,1,20151113,20161231
021895e7-fab4-41ff-af8d-42ff74cca352,1,1,1,1,1,1,1,20151113,20161231
d19109c0-11f9-4567-86ed-59c5477ecd6a,1,1,1,1,1,1,1,20151113,20161231
db5fc90f-baa9-45f3-9e88-6b1ed1f963a3,1,1,1,1,1,1,1,20151113,20161231
c75dabca-a775-4e9e-81b8-22b7dd0b054d,1,1,1,1,1,1,1,20151113,20161231
91613eec-09b8-4acc-94d1-c7e7ca712572,1,1,1,1,1,1,1,20151113,20161231
46af4b00-2c60-4b83-892a-dc967522095a,1,1,1,1,1,1,1,20151113,20161231
447ce2b4-fd04-4331-b9d1-0fe6b9023489,1,1,1,1,1,1,1,20151113,20161231
619b46a3-886f-41bb-a919-95463c7563b8,1,1,1,1,1,1,1,20151113,20161231
1b8e81cf-faed-4ad2-bf18-1df6c07cab99,1,1,1,1,1,1,1,20151113,20161231
b121fc3c-1421-4fb9-ad56-a7e5b6b28fe9,1,1,1,1,1,1,1,20151113,20161231
f39e46c1-7d5f-4e96-8cc9-1cdbd685d607,1,1,1,1,1,1,1,20151113,20161231
d5634a3e-cec5-4359-92aa-6dd113c065a9,1,1,1,1,1,1,1,20151113,20161231
59ba397e-e174-4c09-b72f-46a4180d12ff,1,1,1,1,1,1,1,20151113,20161231
9ffe20bc-7360-4406-b0fa-7ab0a400914c,1,1,1,1,1,1,1,20151113,20161231
6ffa2f10-7852-4d9d-be09-58e456dea35a,1,1,1,1,1,1,1,20151113,20161231
e727d82c-e617-41fd-a9b5-8dab988978fb,1,1,1,1,1,1,1,20151113,20161231
45f6420a-aa45-4680-bbdb-ca065e77ac96,1,1,1,1,1,1,1,20151113,20161231
86a5bb10-ce3b-4f0b-8404-1e07e11c1c08,1,1,1,1,1,1,1,20151113,20161231
e4d26ac3-680c-4a4e-a534-0c924f06548c,1,1,1,1,1,1,1,20151113,20161231
3c922b1d-0677-4c11-bfd5-3e2593085d83,1,1,1,1,1,1,1,20151113,20161231
372cc0ad-4d5c-4ae2-ad91-a44cba3f8be1,1,1,1,1,1,1,1,20151113,20161231
49eac574-2f8f-4fae-b7c7-0abbe50ab8a6,1,1,1,1,1,1,1,20151113,20161231
cfa4ff56-ed44-4367-93f1-82d1f7e1dd2f,1,1,1,1,1,1,1,20151113,20161231
ded5b95e-f3aa-459a-bae8-4dc2482cee61,1,1,1,1,1,1,1,20151113,20161231
3878aeb0-ef1c-4b08-af09-e5befd30364c,1,1,1,1,1,1,1,20151113,20161231
71becdb7-d5a9-40f9-9316-a2e727acce79,1,1,1,1,1,1,1,20151113,20161231
8e4aa2a5-f5a2-4c9b-b352-b98b4e439e4f,1,1,1,1,1,1,1,20151113,20161231
ccd6ace6-41b3-4f37-977c-d5a7fd76af62,1,1,1,1,1,1,1,20151113,20161231
c90605dd-9400-4c7e-b0ce-131375557dc6,1,1,1,1,1,1,1,20151113,20161231
902b11ef-81dd-452c-8ad3-aa74082346cb,1,1,1,1,1,1,1,20151113,20161231
e588353b-3198-4a88-9e23-5d3982d5bb82,1,1,1,1,1,1,1,20151113,20161231
587cd61e-39de-4863-b177-01533c38dd87,1,1,1,1,1,1,1,20151113,20161231
fa1b7c55-6b07-4162-b814-0f93b55efdc5,1,1,1,1,1,1,1,20151113,20161231
388653fd-981c-4321-9db2-d1014c15a543,1,1,1,1,1,1,1,20151113,20161231
cb25d6df-505d-4aee-be55-829168be0320,1,1,1,1,1,1,1,20151113,20161231
29fd0f5c-1288-47ca-b11b-141f305950c0,1,1,1,1,1,1,1,20151113,20161231
bad8fca2-0b09-4855-b645-7aef4096e621,1,1,1,1,1,1,1,20151113,20161231
dd880ddc-7c5e-4b55-9dcb-6c22b6be39eb,1,1,1,1,1,1,1,20151113,20161231
a10d0ef0-c899-43aa-a26f-0931619dad28,1,1,1,1,1,1,1,20151113,20161231
52b26483-b82e-4f19-ae30-e0bfdffb2636,1,1,1,1,1,1,1,20151113,20161231
1a12ec2d-4359-402d-85dd-a2ca813aa27c,1,1,1,1,1,1,1,20151113,20161231
190ae463-8ae1-4e58-a30e-a47fbe96d803,1,1,1,1,1,1,1,20151113,20161231
b2ec6af3-8593-41bd-8e8f-b83e7c2cbe16,1,1,1,1,1,1,1,20151113,20161231
440b8411-be50-462c-ab43-0d6451ff269a,1,1,1,1,1,1,1,20151113,20161231
badb2674-e66c-441b-857d-c3b39eb9e076,1,1,1,1,1,1,1,20151113,20161231
a23e0d24-1608-4abf-846a-1fd173123da8,1,1,1,1,1,1,1,20151113,20161231
122bd85e-7596-4ff5-ada7-f012ba8fb1ae,1,1,1,1,1,1,1,20151113,20161231
c9572011-fc1f-4ec3-aace-c6f500ae4a56,1,1,1,1,1,1,1,20151113,20161231
6ce7224f-a3f1-4c35-a509-9c72d9ddddd3,1,1,1,1,1,1,1,20151113,20161231
0c9c875f-2c96-430f-98c5-41dd3522d0b3,1,1,1,1,1,1,1,20151113,20161231
22296a56-b35d-4b35-84c0-710d6d4ce212,1,1,1,1,1,1,1,20151113,20161231
0e62412d-d76f-4eb7-8713-2b5acc55bec5,1,1,1,1,1,1,1,20151113,20161231
b7f07974-cb13-4be3-be50-5ead73ac011a,1,1,1,1,1,1,1,20151113,20161231
70baf52c-d0e7-4dd9-9809-78d1a1ebb30e,1,1,1,1,1,1,1,20151113,20161231
a0cdd53d-ff7f-4c22-acbd-8552ed23ce1f,1,1,1,1,1,1,1,20151113,20161231
d6db43bd-c200-4bbd-81e4-7395bf396b9f,1,1,1,1,1,1,1,20151113,20161231
3ebea058-6bb5-444f-b2f2-a1b1ada9a4d1,1,1,1,1,1,1,1,20151113,20161231
7533a936-1c16-461a-8b1d-66f2148a6d65,1,1,1,1,1,1,1,20151113,20161231
b3ec02a2-158c-4a0b-b107-3ac325a1d93d,1,1,1,1,1,1,1,20151113,20161231
818a1f1c-5da6-4fc1-a502-6f307d8cb86b,1,1,1,1,1,1,1,20151113,20161231
b27ce15b-02b4-42b6-ad2a-0a3ec3e593e2,1,1,1,1,1,1,1,20151113,20161231
66845c32-9d3d-44a6-ac05-7c05395de514,1,1,1,1,1,1,1,20151113,20161231
977cad33-80d3-4b57-8179-ff184649c996,1,1,1,1,1,1,1,20151113,20161231
9da250a0-04e0-4f81-8066-813a811da882,1,1,1,1,1,1,1,20151113,20161231
caec184d-fce7-4a01-b32b-36b8fecc40c7,1,1,1,1,1,1,1,20151113,20161231
d7110615-7584-4515-92f7-c794c5eea0c2,1,1,1,1,1,1,1,20151113,20161231
e322b0c1-4abf-43a2-b723-087c4cb423b2,1,1,1,1,1,1,1,20151113,20161231
7e7363fd-4c85-4595-8f4f-7ce0a0e762e0,1,1,1,1,1,1,1,20151113,20161231
1754748d-d1e4-4900-a0c1-5333dd99facc,1,1,1,1,1,1,1,20151113,20161231
05724c43-790a-4bd6-9fac-ff400fe9a270,1,1,1,1,1,1,1,20151113,20161231
8582e59a-7ff2-41e3-8b2c-d0e7585406c0,1,1,1,1,1,1,1,20151113,20161231
78722d2f-9bad-4348-8fa4-31d07c37c7c2,1,1,1,1,1,1,1,20151113,20161231
d604debf-865d-4794-84b9-499d1c34d19b,1,1,1,1,1,1,1,20151113,20161231
9f256db7-2888-46da-8a10-703de733d341,1,1,1,1,1,1,1,20151113,20161231
232fcd66-cec9-4268-ba8b-207e6a4d5b3d,1,1,1,1,1,1,1,20151113,20161231
2fd8e08a-2094-4884-9706-51ed363c75d4,1,1,1,1,1,1,1,20151113,20161231
84bc443c-ba4f-47fc-a530-4f4d229f8385,1,1,1,1,1,1,1,20151113,20161231
bd41ab59-c7d3-4d9b-8ee6-2fb69dfb4c04,1,1,1,1,1,1,1,20151113,20161231
e913abc3-cf5c-4ccd-94c5-a0d21770044f,1,1,1,1,1,1,1,20151113,20161231
ca342a5e-8dcb-4a6c-a22a-820540de6924,1,1,1,1,1,1,1,20151113,20161231
936f0ff7-ce57-44b5-b9b0-f07831bc4ff9,1,1,1,1,1,1,1,20151113,20161231
1b62670a-2810-4a16-96e2-6900cc5a34cf,1,1,1,1,1,1,1,20151113,20161231
e0b231db-dc68-4a2c-aceb-a5c04631f2d1,1,1,1,1,1,1,1,20151113,20161231
beb63e6a-9dcb-4055-8ed3-cc9eeb4dc193,1,1,1,1,1,1,1,20151113,20161231
a532e530-df57-4538-9115-c54afd1af159,1,1,1,1,1,1,1,20151113,20161231
00b3948e-ce68-414c-abc8-b7b759f95dec,1,1,1,1,1,1,1,20151113,20161231
06a2886d-4ec7-4e35-86d0-9ff6669ce234,1,1,1,1,1,1,1,20151113,20161231
971f9f40-1b25-4630-9cbd-86dd02a6e9e9,1,1,1,1,1,1,1,20151113,20161231
376794f9-c4ba-488a-b885-ce460e6d4fd1,1,1,1,1,1,1,1,20151113,20161231
7fb5b912-faa5-4c1c-9277-bd907239a137,1,1,1,1,1,1,1,20151113,20161231
62d76360-9d15-412b-8359-82775312a757,1,1,1,1,1,1,1,20151113,20161231
fc3cc316-b447-49c4-a25c-9f4b90f038ed,1,1,1,1,1,1,1,20151113,20161231
ebfdb5de-c72e-4c7a-abbc-35558d5ee145,1,1,1,1,1,1,1,20151113,20161231
311c224c-b8a1-40d6-b930-23241ebd65cf,1,1,1,1,1,1,1,20151113,20161231
b4ff7ae7-d161-4cbd-8f57-bdb0246ca7aa,1,1,1,1,1,1,1,20151113,20161231
ee2d040d-4e7d-484d-8c3e-1c1031092985,1,1,1,1,1,1,1,20151113,20161231
359d3a28-c020-4e0c-b4f3-5418dcf03956,1,1,1,1,1,1,1,20151113,20161231
d3bbbe26-1b97-403a-b7da-eb5fe55b887b,1,1,1,1,1,1,1,20151113,20161231
8b721841-fdd0-4b23-bdba-317d4a802dae,1,1,1,1,1,1,1,20151113,20161231
4b8dda7b-938d-4c9e-81db-9efd292332fb,1,1,1,1,1,1,1,20151113,20161231
6f9c9584-661a-4a9b-8319-e8f9536d7476,1,1,1,1,1,1,1,20151113,20161231
e0ab008a-cd74-45b9-b2c8-b626ff3147ac,1,1,1,1,1,1,1,20151113,20161231
74344d87-b38a-4361-8760-3352443b1149,1,1,1,1,1,1,1,20151113,20161231
72b822d8-7ba5-4ff4-9ed8-f8b59798f582,1,1,1,1,1,1,1,20151113,20161231
f489bc1c-fc21-4d18-b55c-12660d1d5dd5,1,1,1,1,1,1,1,20151113,20161231
f6ce26d0-dbd7-4617-9334-9123f577f563,1,1,1,1,1,1,1,20151113,20161231
d4d9ec1d-9c7e-4e31-a1e2-7d372680c0bd,1,1,1,1,1,1,1,20151113,20161231
671aa743-258c-4734-93f4-04d5aec8c777,1,1,1,1,1,1,1,20151113,20161231
dadc7f23-ab9b-46af-ba9a-b13fa3e67eab,1,1,1,1,1,1,1,20151113,20161231
75601eb3-5bd9-4cf2-b502-95342de1a4aa,1,1,1,1,1,1,1,20151113,20161231
9fc68b2e-ba08-4e8a-a8a6-eef1251d40fb,1,1,1,1,1,1,1,20151113,20161231
e245d71f-6a1e-440e-8adb-0267de2c52d2,1,1,1,1,1,1,1,20151113,20161231
ccd352df-2a74-4189-a85b-33f113d38843,1,1,1,1,1,1,1,20151113,20161231
e6346ff2-e44c-4f32-96a9-033725b242e0,1,1,1,1,1,1,1,20151113,20161231
7aa50b85-aa22-4620-81e9-118816114e0f,1,1,1,1,1,1,1,20151113,20161231
fff215af-21ab-4529-ae7e-b6abb7ee456e,1,1,1,1,1,1,1,20151113,20161231
343208b1-e1b9-4a54-b650-1ae650d8598c,1,1,1,1,1,1,1,20151113,20161231
93a917c0-f36b-469f-a6b5-62e86cef4be8,1,1,1,1,1,1,1,20151113,20161231
4395c744-8641-4300-ab60-fc748b276227,1,1,1,1,1,1,1,20151113,20161231
b9c8df17-1db1-4d77-9a46-7d2b89ec56ff,1,1,1,1,1,1,1,20151113,20161231
47316057-03bc-4e68-bd4c-059ec4fad9ef,1,1,1,1,1,1,1,20151113,20161231
3f145a39-0150-4cff-ae8e-2c9b8f338e9d,1,1,1,1,1,1,1,20151113,20161231
bd854209-f38e-4a3d-8d49-50ebb9fecd5f,1,1,1,1,1,1,1,20151113,20161231
a583806d-a682-46a3-a171-1fbf360cc346,1,1,1,1,1,1,1,20151113,20161231
f52e7d08-6ca9-44c3-b947-b6da0fa4e9fb,1,1,1,1,1,1,1,20151113,20161231
e85ac804-4a42-42b5-b6cb-0c7a103db350,1,1,1,1,1,1,1,20151113,20161231
17947dbc-d4b3-417f-b3f7-126137ac3965,1,1,1,1,1,1,1,20151113,20161231
ed04953e-35ed-464b-a8ab-f087a2521877,1,1,1,1,1,1,1,20151113,20161231
ed8007b0-a73b-445b-9df1-303464343d1b,1,1,1,1,1,1,1,20151113,20161231
babc1e5d-3126-4af2-a069-51ef6610ff1b,1,1,1,1,1,1,1,20151113,20161231
be9bb9cc-6ab1-447e-9d82-13140288e36a,1,1,1,1,1,1,1,20151113,20161231
791daffb-0f1b-471e-a152-3f3f37e6d477,1,1,1,1,1,1,1,20151113,20161231
0be40314-e605-4a33-b51a-6b1dade791f9,1,1,1,1,1,1,1,20151113,20161231
7dafc849-ef4d-46ef-bda5-244e81235c67,1,1,1,1,1,1,1,20151113,20161231
66d3ca88-409b-403e-9b87-0738e31d1d75,1,1,1,1,1,1,1,20151113,20161231
0a1c1709-fbfe-4998-b0d9-fbfa5828f041,1,1,1,1,1,1,1,20151113,20161231
55f2c4ca-c329-4646-b749-de33c90b1745,1,1,1,1,1,1,1,20151113,20161231
36d7027d-4dfd-4de3-9681-385a854effd4,1,1,1,1,1,1,1,20151113,20161231
36e80498-714e-4078-ad52-4be1bf0f1350,1,1,1,1,1,1,1,20151113,20161231
c2b79e73-293e-47b7-86ba-cf0c0b71f633,1,1,1,1,1,1,1,20151113,20161231
a3733c1a-e790-4825-808c-9d8b5069bd73,1,1,1,1,1,1,1,20151113,20161231
73944142-b536-4806-b72f-b2a80c576464,1,1,1,1,1,1,1,20151113,20161231
2be02ac7-e9e1-4ed2-b540-f2845ed0be6f,1,1,1,1,1,1,1,20151113,20161231
5b060b2f-fc3b-4947-8355-a635a5c13937,1,1,1,1,1,1,1,20151113,20161231
b6fb15cf-a509-4a81-8057-d71a00f88e42,1,1,1,1,1,1,1,20151113,20161231
35f12c93-e0c1-483b-9a3b-47a303a7ccc5,1,1,1,1,1,1,1,20151113,20161231
91eeacc0-2507-48a8-a656-bf3102b37edb,1,1,1,1,1,1,1,20151113,20161231
d8a5d7e4-7496-4f1a-9b84-d986dbc54f3c,1,1,1,1,1,1,1,20151113,20161231
d0c81538-2865-4d23-9af7-cf75e31e945b,1,1,1,1,1,1,1,20151113,20161231
fc4d5c51-cfdb-45cd-adc0-c4e015937c5a,1,1,1,1,1,1,1,20151113,20161231
a6772cd0-bd87-4515-8bda-beb1ffe39f2f,1,1,1,1,1,1,1,20151113,20161231
1ecffa8f-9bb8-45b6-9ba0-c222618987d5,1,1,1,1,1,1,1,20151113,20161231
a086fce8-800e-4ae5-a6ca-2b343991932b,1,1,1,1,1,1,1,20151113,20161231
613857a1-b205-48b5-af96-1c2e00becab0,1,1,1,1,1,1,1,20151113,20161231
43974d3e-bb21-49a1-8175-f92cd0b68c70,1,1,1,1,1,1,1,20151113,20161231
3908c363-9c07-4ef8-a75d-e443c96106e6,1,1,1,1,1,1,1,20151113,20161231
ac6291d4-e7ca-4c9a-9a4d-fff66b051341,1,1,1,1,1,1,1,20151113,20161231
cdb36e59-c87e-4ad5-b850-2fc5c21aa310,1,1,1,1,1,1,1,20151113,20161231
eefce356-edbe-4aec-98a2-99b670d39029,1,1,1,1,1,1,1,20151113,20161231
08c847cc-ccdc-4199-8d0d-5cb039d007e8,1,1,1,1,1,1,1,20151113,20161231
47d7d66f-dc5a-40c1-aed7-9562f62334c7,1,1,1,1,1,1,1,20151113,20161231
c5ecf5b9-1449-4d35-be50-2e41856da43e,1,1,1,1,1,1,1,20151113,20161231
d5a296f1-d87e-4ece-accb-ff0dc1eb9d86,1,1,1,1,1,1,1,20151113,20161231
16aa6450-6ed5-4333-b272-2db41171dd33,1,1,1,1,1,1,1,20151113,20161231
238e33c9-26a8-4e06-9130-76ed855f2dfe,1,1,1,1,1,1,1,20151113,20161231
0a308811-467c-4d38-b139-a089337f627a,1,1,1,1,1,1,1,20151113,20161231
997fddb2-39a4-4b12-98d1-ae0bf2742dad,1,1,1,1,1,1,1,20151113,20161231
efd76318-1795-4764-950f-873afd59484e,1,1,1,1,1,1,1,20151113,20161231
d2ca200a-6d07-431d-a4bf-8398bbda0c89,1,1,1,1,1,1,1,20151113,20161231
f6108ce1-c1a2-4ad0-adee-9ff29dac30e6,1,1,1,1,1,1,1,20151113,20161231
20d8fab0-32a7-491c-b007-c225ed882ff4,1,1,1,1,1,1,1,20151113,20161231
42f8c9b6-d460-4722-a73d-77438e047984,1,1,1,1,1,1,1,20151113,20161231
3056aa89-86da-48b8-b492-ed757998eea7,1,1,1,1,1,1,1,20151113,20161231
c49a0adb-ba00-427d-afae-c8e4db02ca20,1,1,1,1,1,1,1,20151113,20161231
b878f53c-7d19-4df1-a9cf-516b0aee4a37,1,1,1,1,1,1,1,20151113,20161231
20a6bae1-2cf2-447b-b0d5-56d437a1098c,1,1,1,1,1,1,1,20151113,20161231
b71f2aa1-3d26-4ae5-9238-30621e9c39a1,1,1,1,1,1,1,1,20151113,20161231
ca13a769-2b52-4c90-b56e-2c444158d771,1,1,1,1,1,1,1,20151113,20161231
e5fa0f2b-9feb-4289-a9f0-72f4f92d9d03,1,1,1,1,1,1,1,20151113,20161231
27320d51-5bd0-449f-8987-6293519cc6b2,1,1,1,1,1,1,1,20151113,20161231
839f2f1b-0919-4954-89b4-8342e2522926,1,1,1,1,1,1,1,20151113,20161231
6a7bb9d6-c65c-4c06-a1b6-54c78086bcb1,1,1,1,1,1,1,1,20151113,20161231
1ca27c32-f0c1-460e-b67f-79c8569c9adf,1,1,1,1,1,1,1,20151113,20161231
5af9b9b0-27ef-4d5c-ba38-46c83417f350,1,1,1,1,1,1,1,20151113,20161231
1f47a1c4-e98a-4ec9-b753-dc4918042d19,1,1,1,1,1,1,1,20151113,20161231
9c3b1759-1f1d-4e84-b417-7c21b7c60738,1,1,1,1,1,1,1,20151113,20161231
6e33aa46-05ff-4905-937d-6aae55f54c6d,1,1,1,1,1,1,1,20151113,20161231
b8a418f3-e537-41e1-8e40-8deb45817af1,1,1,1,1,1,1,1,20151113,20161231
7c73e405-f438-433d-a6d2-394a228b8081,1,1,1,1,1,1,1,20151113,20161231
f9b5ee42-bc0c-4f0d-b570-bebc65ef9cf4,1,1,1,1,1,1,1,20151113,20161231
23f2e9bb-e0bc-4697-92c5-390c4224ba47,1,1,1,1,1,1,1,20151113,20161231
a0fda16c-b966-4e40-b79f-75d35b86d434,1,1,1,1,1,1,1,20151113,20161231
1ffea8f4-ece9-47ff-be1b-0c420fb02fae,1,1,1,1,1,1,1,20151113,20161231
760e1580-d313-4e98-aed6-02ac26918366,1,1,1,1,1,1,1,20151113,20161231
0ef06ce9-e337-43b3-a9d7-0f5398a413ad,1,1,1,1,1,1,1,20151113,20161231
ae672cc1-a99e-4bca-a1d0-bdffd2f3f2cd,1,1,1,1,1,1,1,20151113,20161231
08b6b317-14b7-41dd-aa9b-05f9ae23e316,1,1,1,1,1,1,1,20151113,20161231
05cce5f1-3fa3-4dc9-8160-3703ab13a1a8,1,1,1,1,1,1,1,20151113,20161231
090a0d3a-c564-45e0-a151-6f7a4c85cf77,1,1,1,1,1,1,1,20151113,20161231
f9c9bd71-505a-4947-9f3f-a819c8ae5fae,1,1,1,1,1,1,1,20151113,20161231
050e5167-0e56-4ec6-9a9a-33747fa7864f,1,1,1,1,1,1,1,20151113,20161231
b034c711-59c3-46fe-b67c-af1e84cc1c57,1,1,1,1,1,1,1,20151113,20161231
126f4ee4-85e7-4417-a43f-d6ca3d745171,1,1,1,1,1,1,1,20151113,20161231
81fde7ca-ac79-4ce5-819d-7389b567ba57,1,1,1,1,1,1,1,20151113,20161231
86c32f43-93b3-4444-89ee-fcff59239e68,1,1,1,1,1,1,1,20151113,20161231
8830e50b-6f29-4100-8ff5-362e63132b41,1,1,1,1,1,1,1,20151113,20161231
50b1c3b8-933e-4907-aed5-c5d7e611105c,1,1,1,1,1,1,1,20151113,20161231
eabe5977-e99a-4e3a-99b9-f89b35a1b092,1,1,1,1,1,1,1,20151113,20161231
c7269180-72ff-4cb8-9a32-d638e5003333,1,1,1,1,1,1,1,20151113,20161231
b52aad14-ca83-4549-9dd3-496673712f97,1,1,1,1,1,1,1,20151113,20161231
0f883ca5-81b5-40ae-ad4b-e5225ce27151,1,1,1,1,1,1,1,20151113,20161231
0898d120-6cd9-4895-a208-42efcda51f80,1,1,1,1,1,1,1,20151113,20161231
aed230d8-bc63-4be3-85ab-4536482b047c,1,1,1,1,1,1,1,20151113,20161231
8d561870-00cf-413a-9858-dc68beaa3a51,1,1,1,1,1,1,1,20151113,20161231
349a6d4e-5c62-4174-aa7b-59a54b1bb6cc,1,1,1,1,1,1,1,20151113,20161231
2eb07380-d6ee-4017-8346-984b59178439,1,1,1,1,1,1,1,20151113,20161231
c5cf9b3c-a19b-47ed-97da-ea2e9d130ded,1,1,1,1,1,1,1,20151113,20161231
158d396c-6c11-439a-a147-6a59353a8b13,1,1,1,1,1,1,1,20151113,20161231
6843053b-bc41-40c3-aacd-d71383fe562b,1,1,1,1,1,1,1,20151113,20161231
929e2daa-fa9f-417b-aee0-e5368eeec9f2,1,1,1,1,1,1,1,20151113,20161231
01912089-b9cf-4efb-a6bd-5f26de4b7d6a,1,1,1,1,1,1,1,20151113,20161231
0f1a0860-ddf4-4808-8770-f49bc04dfc3c,1,1,1,1,1,1,1,20151113,20161231
1c46519c-3612-492d-b276-d3bb2d4a0029,1,1,1,1,1,1,1,20151113,20161231
70517fb9-73b2-4488-96fe-90d359459ce7,1,1,1,1,1,1,1,20151113,20161231
cbfcec7b-a5bd-4b66-a138-bea3af2302e1,1,1,1,1,1,1,1,20151113,20161231
00d370ae-87ae-41bb-82c4-777abc690e82,1,1,1,1,1,1,1,20151113,20161231
69afffef-4ff8-4b4f-a2e2-b7a4f2db25fa,1,1,1,1,1,1,1,20151113,20161231
b8bb22d9-36a5-436e-8746-fff0a0d7950a,1,1,1,1,1,1,1,20151113,20161231
103b9d96-a0e1-47db-a9d3-408474fa4833,1,1,1,1,1,1,1,20151113,20161231
bf985173-0cfa-442a-a78a-5d95fe99c85c,1,1,1,1,1,1,1,20151113,20161231
2bb28c57-c953-4eca-a21f-eec7e0478f44,1,1,1,1,1,1,1,20151113,20161231
bd0c76b3-2a12-4709-858b-c8030cf47e01,1,1,1,1,1,1,1,20151113,20161231
b1adcb05-c312-4261-8a94-62944b59e7e6,1,1,1,1,1,1,1,20151113,20161231
a49226af-f3ce-4660-b4b9-3fd518c534dd,1,1,1,1,1,1,1,20151113,20161231
035527ac-ad8e-4b42-87d0-10d0af1f2586,1,1,1,1,1,1,1,20151113,20161231
1a81ac7f-d2d9-4342-8991-f257de64167e,1,1,1,1,1,1,1,20151113,20161231
eebf1ee6-250f-4b1e-ab0f-926d35f66bac,1,1,1,1,1,1,1,20151113,20161231
103de8a1-d1fd-4f1c-bfc5-fd28d37d5d38,1,1,1,1,1,1,1,20151113,20161231
41866d59-4308-41fc-a051-e3ab4e502454,1,1,1,1,1,1,1,20151113,20161231
06b3f2f5-fea0-4af0-9153-8effbd5000e8,1,1,1,1,1,1,1,20151113,20161231
e7a19ef2-2682-4fbd-833a-22dbc11f795c,1,1,1,1,1,1,1,20151113,20161231
35c74f6f-fd07-434f-9d80-fe5958df8655,1,1,1,1,1,1,1,20151113,20161231
44549b69-071c-4934-8f6e-9e4ffd2e85e8,1,1,1,1,1,1,1,20151113,20161231
b4761f50-f64a-4733-9151-79d327f6c29a,1,1,1,1,1,1,1,20151113,20161231
5f19d66b-5653-435d-b134-0e777b05cac3,1,1,1,1,1,1,1,20151113,20161231
8d88c047-aeb6-4f95-940d-8fa340d510a6,1,1,1,1,1,1,1,20151113,20161231
b026cc96-387d-4806-a108-f63823d42178,1,1,1,1,1,1,1,20151113,20161231
2aeb2ffa-951e-4b78-b7b9-51bed89f5279,1,1,1,1,1,1,1,20151113,20161231
7eb129e0-582f-4e1d-8c12-55518121aa1e,1,1,1,1,1,1,1,20151113,20161231
32a68ca6-4522-49a0-935b-779979be1637,1,1,1,1,1,1,1,20151113,20161231
84b0ede4-a40d-49dc-af29-6eb469ddd91b,1,1,1,1,1,1,1,20151113,20161231
5acef093-7b37-4442-bf2f-88b5aa969352,1,1,1,1,1,1,1,20151113,20161231
5abcf361-8358-48b5-b62e-cd23534409e3,1,1,1,1,1,1,1,20151113,20161231
86d0bd59-3885-4616-b6e6-bc07a4489bc7,1,1,1,1,1,1,1,20151113,20161231
b1056f49-33af-4d2f-b10c-397157b069fa,1,1,1,1,1,1,1,20151113,20161231
78e14bc6-c6b3-47b9-b696-198e5888ec4e,1,1,1,1,1,1,1,20151113,20161231
3eb38a51-4d09-4441-baee-710e5ce0dae5,1,1,1,1,1,1,1,20151113,20161231
90430319-2a53-4226-99ac-e0fda756276e,1,1,1,1,1,1,1,20151113,20161231
54c077d1-73c5-4da0-af0e-e083ed1c64da,1,1,1,1,1,1,1,20151113,20161231
6106df58-6ea5-4558-8122-2e2f454f31e6,1,1,1,1,1,1,1,20151113,20161231
a3ae3477-0540-45a3-b7c9-ca1166a365c6,1,1,1,1,1,1,1,20151113,20161231
caa67eb2-1ff8-4bcd-be70-b0018d19f312,1,1,1,1,1,1,1,20151113,20161231
aede1025-dbb9-4870-9df5-cfac53d26a82,1,1,1,1,1,1,1,20151113,20161231
30e88541-2867-415d-9dd4-803cde34809d,1,1,1,1,1,1,1,20151113,20161231
9dc11f47-2164-405f-adf9-7581e95aedb4,1,1,1,1,1,1,1,20151113,20161231
fe666c49-cf0c-4c12-b75a-174d0ac23514,1,1,1,1,1,1,1,20151113,20161231
50d0e086-99e4-4fd6-a67f-5208cf81ff1f,1,1,1,1,1,1,1,20151113,20161231
29a9fb1e-176f-4edc-b0fa-4f4f0a37581e,1,1,1,1,1,1,1,20151113,20161231
9d7c8d2d-8557-4eb3-be9e-093ddaef8194,1,1,1,1,1,1,1,20151113,20161231
0fb449d7-a12d-4a9e-82d6-7f64bf996e20,1,1,1,1,1,1,1,20151113,20161231
dbb020a5-9058-4031-9031-64bf8892f828,1,1,1,1,1,1,1,20151113,20161231
2b130117-5461-4ec4-9e13-52890a81e53e,1,1,1,1,1,1,1,20151113,20161231
fbe6b45a-fd57-4e05-bd05-a6f97b6f5a68,1,1,1,1,1,1,1,20151113,20161231
62225abd-3162-4caa-8aef-a387a197746c,1,1,1,1,1,1,1,20151113,20161231
f30c041d-050c-47ea-970a-58aa1928ed86,1,1,1,1,1,1,1,20151113,20161231
37cdb201-2a33-4d4c-ad81-448f628e90e5,1,1,1,1,1,1,1,20151113,20161231
a3149975-26e8-4e70-a762-3641e8262617,1,1,1,1,1,1,1,20151113,20161231
7267253e-33a9-4037-80e1-eb6dc57e073f,1,1,1,1,1,1,1,20151113,20161231
b83a6cfe-edfe-430f-b46f-c8bb52c26bbf,1,1,1,1,1,1,1,20151113,20161231
ed599c0b-7781-43f8-9862-7c2020e57579,1,1,1,1,1,1,1,20151113,20161231
77a21549-8d46-4d34-a888-802869b4b2e0,1,1,1,1,1,1,1,20151113,20161231
6a5e462f-80db-4a17-bfdd-4e48763dac32,1,1,1,1,1,1,1,20151113,20161231
8dad5712-8f4c-4968-8566-03cbba232ce7,1,1,1,1,1,1,1,20151113,20161231
6e500f5e-afb1-4416-a588-eac995c92652,1,1,1,1,1,1,1,20151113,20161231
3985d8f6-e284-4b77-82bb-e5932c96edfc,1,1,1,1,1,1,1,20151113,20161231
3be7a116-d21b-4b0e-aff0-e2ff89e6cc38,1,1,1,1,1,1,1,20151113,20161231
e6519ac6-3455-4e29-9a8f-6a6f9b269ef8,1,1,1,1,1,1,1,20151113,20161231
b93c6fe0-b205-43ba-9053-6a9f872c445a,1,1,1,1,1,1,1,20151113,20161231
e0aa75a2-8f00-47ab-89da-af3f4a4a1c06,1,1,1,1,1,1,1,20151113,20161231
ff9b467c-e4b7-4566-aacd-62c53e67514c,1,1,1,1,1,1,1,20151113,20161231
3fcddce1-bede-4c6e-8327-f58ca32bce2a,1,1,1,1,1,1,1,20151113,20161231
81479266-7f0c-4c96-9acb-a3777e20e1a9,1,1,1,1,1,1,1,20151113,20161231
d6b64b90-ce9e-49b8-9871-ca1aa76a169a,1,1,1,1,1,1,1,20151113,20161231
4751c408-9e2b-4c30-8db9-dcb81706c865,1,1,1,1,1,1,1,20151113,20161231
0f561dd9-39cf-48ea-9877-20ba0f768bc7,1,1,1,1,1,1,1,20151113,20161231
0e185594-abd2-4c13-8f07-303f631e3d6b,1,1,1,1,1,1,1,20151113,20161231
9ff6a4d8-8e48-4d4e-960b-6e7c98651fa6,1,1,1,1,1,1,1,20151113,20161231
a776ae25-824c-40c6-b7a6-b836109d757c,1,1,1,1,1,1,1,20151113,20161231
247db205-2639-4340-8382-30f1e088f587,1,1,1,1,1,1,1,20151113,20161231
58e9ed41-3fa2-432e-9469-edddaaa25ffa,1,1,1,1,1,1,1,20151113,20161231
c5935e10-bd5b-4bc8-8e81-9158a5e438cd,1,1,1,1,1,1,1,20151113,20161231
7ae8ba95-63d0-417b-8406-c7d2475f4bb5,1,1,1,1,1,1,1,20151113,20161231
12cb0230-d12f-443b-963c-4b7764a8c91b,1,1,1,1,1,1,1,20151113,20161231
ff137149-05c4-48f0-bd0e-8965d3ca3353,1,1,1,1,1,1,1,20151113,20161231
73596c91-9ab7-4c67-9a12-3f1fee6b2c49,1,1,1,1,1,1,1,20151113,20161231
3e8a2319-4e63-40b2-ba4f-89ae9e9f936c,1,1,1,1,1,1,1,20151113,20161231
c4d16f50-b257-48ac-ae70-f26d3637cd1e,1,1,1,1,1,1,1,20151113,20161231
8966d493-b3ee-40bc-be93-a7d558458d5a,1,1,1,1,1,1,1,20151113,20161231
2f5c6c9e-5324-40be-9a29-71a1e8299f6b,1,1,1,1,1,1,1,20151113,20161231
62713f4d-cb8a-43be-8958-7ceaa8e77ca2,1,1,1,1,1,1,1,20151113,20161231
9b4c46bf-51ed-4328-acf4-e205d1840749,1,1,1,1,1,1,1,20151113,20161231
32b027f2-1e37-4205-83bc-acf789882693,1,1,1,1,1,1,1,20151113,20161231
13665c42-2327-451e-bdca-caa86cabd142,1,1,1,1,1,1,1,20151113,20161231
6f8aaa2a-e063-4aa6-b903-49b932ea6377,1,1,1,1,1,1,1,20151113,20161231
0869231b-3eaa-4079-8baf-ea9f77a4e054,1,1,1,1,1,1,1,20151113,20161231
a7902e62-8953-40c4-b931-34245d3344be,1,1,1,1,1,1,1,20151113,20161231
2346105e-df48-42e2-8848-bcf889c41405,1,1,1,1,1,1,1,20151113,20161231
589f9d57-a48c-424a-9b44-86df13040d8d,1,1,1,1,1,1,1,20151113,20161231
2b9593ef-08b9-42f7-9279-7bda5db45d7f,1,1,1,1,1,1,1,20151113,20161231
151e09dc-6ab3-42e1-b7e4-9f87983d18b5,1,1,1,1,1,1,1,20151113,20161231
4ce5a832-ec4b-400e-92d9-65e3ab411ee9,1,1,1,1,1,1,1,20151113,20161231
09e95080-e038-42fa-a912-0640ac8edb34,1,1,1,1,1,1,1,20151113,20161231
92485133-c630-443b-9cc6-4aad23bb7f4d,1,1,1,1,1,1,1,20151113,20161231
045801f8-4284-42c4-96b6-ce2756f91ed3,1,1,1,1,1,1,1,20151113,20161231
1119f6e1-a1eb-40d6-9c69-c3ad2cda4692,1,1,1,1,1,1,1,20151113,20161231
be536190-eef4-451c-84ff-fccb84d591c0,1,1,1,1,1,1,1,20151113,20161231
30226aa1-3c17-42f5-979d-dd3c257c76ca,1,1,1,1,1,1,1,20151113,20161231
22032503-c91e-45ae-b204-641891a2aecf,1,1,1,1,1,1,1,20151113,20161231
0f6e6b0a-f92d-4967-97f2-837274d544f4,1,1,1,1,1,1,1,20151113,20161231
5a3d79b3-4139-4468-b497-c1b55016d606,1,1,1,1,1,1,1,20151113,20161231
35fc6ed5-b355-4708-9d04-56af7b4e9e53,1,1,1,1,1,1,1,20151113,20161231
558358cd-c393-4944-8ed3-a5327cf0fb55,1,1,1,1,1,1,1,20151113,20161231
e22c4d03-4bcc-43b6-bb48-524413a97f2b,1,1,1,1,1,1,1,20151113,20161231
d77c5192-f493-4174-8acb-d6e6a2735c9c,1,1,1,1,1,1,1,20151113,20161231
b36a7be9-e6e3-424f-9b33-3fb80495c599,1,1,1,1,1,1,1,20151113,20161231
e8ea2194-b1d1-4cdd-87c7-21dded6a6d24,1,1,1,1,1,1,1,20151113,20161231
b49237fb-47f0-41de-819a-cd8213aa3472,1,1,1,1,1,1,1,20151113,20161231
9450f512-817c-430f-8b8c-ff74339b2f16,1,1,1,1,1,1,1,20151113,20161231
afb5ccde-53a6-41f6-8e35-3feaac95fe0c,1,1,1,1,1,1,1,20151113,20161231
8a186f21-fa8f-4599-b04b-e58a41527256,1,1,1,1,1,1,1,20151113,20161231
777ddb0d-2e7f-4d71-8ce0-86242f69e664,1,1,1,1,1,1,1,20151113,20161231
a5cf9e05-fe3a-4cdf-83c5-1832a366062c,1,1,1,1,1,1,1,20151113,20161231
8180364e-2024-425b-adec-2b42dba7e6fd,1,1,1,1,1,1,1,20151113,20161231
88671ae2-179b-4f44-bf94-4fa579fe2a8c,1,1,1,1,1,1,1,20151113,20161231
1a2c49ac-551d-4921-8f29-9680d71d2cd7,1,1,1,1,1,1,1,20151113,20161231
4a4e0625-08dd-452f-9d24-2eb22dbe7907,1,1,1,1,1,1,1,20151113,20161231
c11d2921-5ca7-47d2-9f59-ae0876344734,1,1,1,1,1,1,1,20151113,20161231
206a5ec6-9700-4c49-9622-c62d998a6439,1,1,1,1,1,1,1,20151113,20161231
8098ad12-f462-4355-a84d-1ce0d3055814,1,1,1,1,1,1,1,20151113,20161231
1bba7d25-eb01-4a7c-8623-4316221050e8,1,1,1,1,1,1,1,20151113,20161231
11c525dc-8d2c-4f3c-b36b-e480a221ad72,1,1,1,1,1,1,1,20151113,20161231
9bab5f61-e614-4aca-95c3-fde4584396da,1,1,1,1,1,1,1,20151113,20161231
85ee7a6b-7b80-4089-9398-c888e07bd46c,1,1,1,1,1,1,1,20151113,20161231
e2a74770-415e-425f-84d9-dba2b9c35c54,1,1,1,1,1,1,1,20151113,20161231
8a36dc94-d16b-49a7-8219-8460e79353c2,1,1,1,1,1,1,1,20151113,20161231
7e3fa25d-22cd-4caa-ab8a-3ba9090ae3c4,1,1,1,1,1,1,1,20151113,20161231
586357c5-7921-4a40-9de5-b9c78ec35f10,1,1,1,1,1,1,1,20151113,20161231
00ca8b91-aa4a-43dd-b376-5bed9991fe17,1,1,1,1,1,1,1,20151113,20161231
f3af5e5a-cb20-4f9a-aca3-d7f23e705d58,1,1,1,1,1,1,1,20151113,20161231
ab429887-4187-4ecf-ab01-a6bdebb7e605,1,1,1,1,1,1,1,20151113,20161231
7ce8312c-6541-4dd2-b489-91014dd815d2,1,1,1,1,1,1,1,20151113,20161231
ce6e3572-cc00-44f9-b685-1871a95954a1,1,1,1,1,1,1,1,20151113,20161231
ece83710-11ba-44ce-85c1-f89d3d808726,1,1,1,1,1,1,1,20151113,20161231
edcf0a02-6f47-4c9a-af46-85288c2e9dcc,1,1,1,1,1,1,1,20151113,20161231
7169bda5-c3c8-4557-9581-cb41eac2179e,1,1,1,1,1,1,1,20151113,20161231
789e77df-0f2b-44af-9190-30de840f84e0,1,1,1,1,1,1,1,20151113,20161231
9a8b04f9-2b29-4db2-bca1-040cf1c3dd51,1,1,1,1,1,1,1,20151113,20161231
3f749b19-d5dc-4206-931b-b12932fb20c1,1,1,1,1,1,1,1,20151113,20161231
f80093a3-507f-431e-b7c2-be44d4671234,1,1,1,1,1,1,1,20151113,20161231
44c0e304-537c-4b5c-881e-ead74270a3cb,1,1,1,1,1,1,1,20151113,20161231
c422c16e-1db8-4a84-8b25-b1bccc1afb86,1,1,1,1,1,1,1,20151113,20161231
0f00c571-f9bb-43ea-810d-cd0b15c042f3,1,1,1,1,1,1,1,20151113,20161231
b1fc196c-7f1d-46c0-a5ba-b7f7ec9bdbea,1,1,1,1,1,1,1,20151113,20161231
6042ec23-361f-409d-be7c-1efef3d315f0,1,1,1,1,1,1,1,20151113,20161231
2531a7e1-a4df-41ca-99cb-de7b911ad61f,1,1,1,1,1,1,1,20151113,20161231
06adc40c-3785-4158-8413-79b8c645d24e,1,1,1,1,1,1,1,20151113,20161231
c248de51-fb52-4d64-8d4d-e3bb0d0481bb,1,1,1,1,1,1,1,20151113,20161231
284f7db3-0715-4321-a38b-7b52cf81eca2,1,1,1,1,1,1,1,20151113,20161231
081ccbe8-0310-44e4-9313-5ea7abfde6c4,1,1,1,1,1,1,1,20151113,20161231
1a192744-a5ec-400c-a432-76bf9d7e255f,1,1,1,1,1,1,1,20151113,20161231
84ea1ddc-7562-44dc-8330-42131d5954e5,1,1,1,1,1,1,1,20151113,20161231
c72c2945-b812-4935-bbc0-4184f47fb2a9,1,1,1,1,1,1,1,20151113,20161231
7ba67397-c0a6-4468-89fb-cad6981b1d6e,1,1,1,1,1,1,1,20151113,20161231
ef45ac5e-94d0-4337-b3de-9fb875e2492e,1,1,1,1,1,1,1,20151113,20161231
a1610f8d-801f-41ac-9b87-33b5663fc079,1,1,1,1,1,1,1,20151113,20161231
29f62fe4-9a77-4502-a54a-63b430d80860,1,1,1,1,1,1,1,20151113,20161231
b84e343b-013a-4685-9ad1-708fd97cb161,1,1,1,1,1,1,1,20151113,20161231
46103f10-1279-484b-84be-2db2add0ee9c,1,1,1,1,1,1,1,20151113,20161231
61555cf8-338e-4f7f-a266-9bf35a648f4f,1,1,1,1,1,1,1,20151113,20161231
5c87d9bb-721f-464d-8e33-5029243d1c3f,1,1,1,1,1,1,1,20151113,20161231
370b79f4-5ed4-40ff-a415-59008e056955,1,1,1,1,1,1,1,20151113,20161231
34d15744-95e4-4bc7-a137-bf2f32753834,1,1,1,1,1,1,1,20151113,20161231
5f758136-e9db-4154-bf39-9ceb3ae802a8,1,1,1,1,1,1,1,20151113,20161231
41e201fa-466a-410d-a1da-350d4caae66b,1,1,1,1,1,1,1,20151113,20161231
b66baa9e-518d-4444-acbd-f78a17470a51,1,1,1,1,1,1,1,20151113,20161231
e44500ca-11a9-4ba0-8ad4-66817ca062c6,1,1,1,1,1,1,1,20151113,20161231
33941cf8-805d-45f4-9add-5d9a55e05a31,1,1,1,1,1,1,1,20151113,20161231
6d22b21d-9e2f-491e-b1e0-9f4e46fc4b17,1,1,1,1,1,1,1,20151113,20161231
c233887f-41bf-4496-a006-44848b622981,1,1,1,1,1,1,1,20151113,20161231
f787949f-be04-45f8-ab98-8835ca146b58,1,1,1,1,1,1,1,20151113,20161231
586c8cc8-0f27-457f-abb8-d68c6758c74b,1,1,1,1,1,1,1,20151113,20161231
c00d840f-4426-4b08-90ba-9d7745c459c6,1,1,1,1,1,1,1,20151113,20161231
e4e59c25-69cf-4e99-8c9f-5cc32194f0bc,1,1,1,1,1,1,1,20151113,20161231
b0ec05cc-bec7-45f5-bd54-51d0d54035b4,1,1,1,1,1,1,1,20151113,20161231
05bbe95f-da87-44b3-91c4-bce7a6bc9867,1,1,1,1,1,1,1,20151113,20161231
d86b4ff6-f767-4972-816d-e5cd91fe26c8,1,1,1,1,1,1,1,20151113,20161231
12cd040e-cf0a-40b1-8e4e-27e9494818a7,1,1,1,1,1,1,1,20151113,20161231
07556538-9742-4add-a007-7dac04843258,1,1,1,1,1,1,1,20151113,20161231
008af583-62a7-45d4-8566-5faf551df89b,1,1,1,1,1,1,1,20151113,20161231
46042874-43fd-4264-a371-bb81ff0edd22,1,1,1,1,1,1,1,20151113,20161231
9d4028b3-ccd6-4544-a1af-9cd6f260b080,1,1,1,1,1,1,1,20151113,20161231
cae53198-e42e-4c47-b008-d49f6ef560d3,1,1,1,1,1,1,1,20151113,20161231
74901dbf-962f-4026-a19a-dd9652a64632,1,1,1,1,1,1,1,20151113,20161231
85691211-6d76-421b-815c-35570a701bac,1,1,1,1,1,1,1,20151113,20161231
cc2dda8f-0917-4186-bde0-668913764a1f,1,1,1,1,1,1,1,20151113,20161231
6d2366f0-6b74-431f-967b-6384415e46d3,1,1,1,1,1,1,1,20151113,20161231
b5e6a4fb-269a-4618-ad2e-be63b7edbd64,1,1,1,1,1,1,1,20151113,20161231
2d6bd935-29be-4c09-abf7-bd1879720a16,1,1,1,1,1,1,1,20151113,20161231
c093079d-1979-4cd0-83ee-ff9aa924c6bb,1,1,1,1,1,1,1,20151113,20161231
2ccb1e54-1f32-4630-b07e-f5461111388a,1,1,1,1,1,1,1,20151113,20161231
8e5e3898-f58b-434d-a286-fcb7514a9924,1,1,1,1,1,1,1,20151113,20161231
2a8cfc45-0e5c-4a1f-972d-15516f06c546,1,1,1,1,1,1,1,20151113,20161231
dd3e8e57-5ad5-4d8f-92d8-f90952567e22,1,1,1,1,1,1,1,20151113,20161231
7c4320c6-5771-4bfc-8592-2297702047e4,1,1,1,1,1,1,1,20151113,20161231
dff93aac-8b19-45e6-b860-bf7b9eb6e48e,1,1,1,1,1,1,1,20151113,20161231
0087a0f3-dc32-47b9-9de6-ff06703fbd5a,1,1,1,1,1,1,1,20151113,20161231
